"prater" <-
structure(list(V5 =c(6.9, 14.4, 7.4, 8.5, 8, 2.8, 5, 12.2, 10, 15.2, 26.8, 14, 14.7, 
6.4, 17.6, 22.3, 24.8, 26, 34.9, 18.2, 23.2, 18, 13.1, 16.1, 
32.1, 34.7, 31.7, 33.6, 30.4, 26.6, 27.8, 45.7),V1 = c(38.4, 40.3, 40, 31.8, 40.8, 41.3, 38.1, 50.8, 32.2, 38.4, 40.3, 
32.2, 31.8, 41.3, 38.1, 50.8, 32.2, 38.4, 40.3, 40, 32.2, 31.8, 
40.8, 41.3, 38.1, 50.8, 32.2, 38.4, 40, 40.8, 41.3, 50.8),V2=c(6.1, 4.8, 6.1, 0.2, 3.5, 1.8, 1.2, 8.6, 5.2, 6.1, 4.8, 2.4, 
0.2, 1.8, 1.2, 8.6, 5.2, 6.1, 4.8, 6.1, 2.4, 0.2, 3.5, 1.8, 1.2, 
8.6, 5.2, 6.1, 6.1, 3.5, 1.8, 8.6),V3=c(220, 231, 217, 316, 210, 267, 274, 190, 236, 220, 231, 284, 
316, 267, 274, 190, 236, 220, 231, 217, 284, 316, 210, 267, 274, 
190, 236, 220, 217, 210, 267, 190),V4=c(235, 307, 212, 365, 218, 235, 285, 205, 267, 300, 367, 351, 
379, 275, 365, 275, 360, 365, 395, 272, 424, 428, 273, 358, 444, 
345, 402, 410, 340, 347, 416, 407)), .Names = c("V5","V1","V2","V3","V4"), class = "data.frame")